8284 8285 8286 8287 8288
16955 16956 16957 16958 16964
16965 16966 16967 16968 16969
16970 16971 16977 16978 16979
16980 19607 19608 19609 19610
19611 19612 19614 19615 19616
19619 19620 19621 22131 22132
22133 22134 22165 22166 22168
22262 22263 22264 22265 22266
22267 22268 22278 22279 22281
22322 22323 22324 22339 22340
22415 22416 22450 22451 22448
22449 22463 22464 22465 22490
22570 22571 22579 22580 22581
22582 22607 22663 22664 22665
22666 22667 22668 23219 23220
23221 23222 23223 23224 23225
23226 23227 22661 22662 22961
22962 22979 22980 22981 22952
22953 22954 22955 22956 22957
22958 22959 22960 23061 23062
23063 23064 23065 23066 23067
23068 23069 23070 23071 23355
23356 23360 23361 23362 23363
23364 23365 23438 23439 23440
23441 23505 23506 23507 23508
23509 23511 23514 23515 23516
23793 24229 24230 24232 24233
25276 25277 25278 25279 25280
25281 26125 26126 26127 26128
26129 26130 26131 26132 26133
26159 26160 26161 26162 26163
