0
0.04866674501
0.08626693631
0.09783059881
0.1177569772
0.2109047329
0.2844712561
0.3012639213
0.3403956611
0.3763083711
0.3861769716
0.4096450719
0.4518518169
0.4792058946
0.49186721
0.5444101544
0.5557501893
0.5805647524
0.608185016
0.6727924528
0.704686573
0.7443935382
0.754201438
0.7724110662
0.8021492108
0.8471640175
0.865106679
0.8858324869
0.9543540674
0.9965422806
1.089379238
1.179498958
1.221729471
1.266400252
1.344639853
1.409776612
1.466969664
1.624475796
1.884779422
1.991573635
2.191405318
2.371199272
2.673164483
3.743889008
