-2.391691e-02
2.301304e-02
-4.128968e-03
2.471464e-03
-2.716964e-03
-5.588788e-03
1.125218e-02
-3.172494e-02
-3.302099e-02
-4.079429e-02
-9.964138e-03
-2.092638e-02
-1.779400e-02
3.676898e-02
1.000833e-02
-2.813546e-02
-1.956648e-02
-2.590731e-02
-6.759508e-03
8.223265e-04
1.477578e-02
1.625178e-02
-1.282891e-02
3.811329e-02
2.519036e-02
2.198991e-02
2.667051e-02
2.214894e-02
2.884800e-02
3.019578e-02
3.225445e-04
1.718177e-02
-1.600922e-02
-3.115320e-03
-1.973699e-02
2.403768e-02
8.592601e-03
1.537891e-02
-1.943701e-02
-2.498504e-03
-1.790357e-02
1.504734e-02
-1.867621e-02
-7.930643e-03
