-2.467167e-02
2.368299e-02
-4.486321e-03
2.929770e-03
-2.431233e-03
-6.723027e-03
1.188522e-02
-3.245995e-02
-3.436943e-02
-4.257150e-02
-9.851605e-03
-2.158558e-02
-1.816949e-02
3.761227e-02
1.007386e-02
-2.979232e-02
-1.930827e-02
-2.747652e-02
-7.437687e-03
1.177721e-03
1.541632e-02
1.719791e-02
-1.258951e-02
3.918812e-02
2.589287e-02
2.197232e-02
2.742556e-02
2.324356e-02
2.954571e-02
3.084102e-02
8.540539e-04
1.730722e-02
-1.575306e-02
-2.717942e-03
-1.976483e-02
2.482285e-02
8.047502e-03
1.588215e-02
-2.038254e-02
-2.498644e-03
-1.877018e-02
1.566797e-02
-1.901758e-02
-7.838067e-03
